 0.000000e+00 0.000000e+00 0.000000e+00 0.000000e+00 0.000000e+00 0.000000e+00
 4.918712e+01 5.851040e+00 1.938799e+01 5.491052e+01 4.172498e+01 2.722469e+01
 6.301026e+01 2.974605e+01 1.057957e+01 4.443489e+01 4.151718e+01 7.243743e-01
 1.489531e+01 9.184272e+00 1.552260e+01 2.773186e+01 5.675059e+00 7.371687e+00
 2.659313e+00 3.058313e+01 3.137623e+01 4.582509e+01 3.314784e+01 1.536091e+01
 3.856840e+00 2.766087e+01 3.294118e+01 4.145852e+01 2.334812e+01 8.350613e+00
 3.775163e+00 3.185485e+01 2.449751e+01 3.747902e+01 1.754344e+01 2.659561e+01
 4.699593e+00 2.795849e+01 2.361887e+01 3.695417e+01 7.071632e+00 3.568632e+01
 1.024625e+01 2.785705e+01 6.299291e+00 2.147249e+01 4.074775e+01 5.661928e+01
 7.598749e+00 3.273858e+01 9.648701e+00 2.203676e+01 7.309161e+01 6.837898e+01
 1.343034e+01 2.991679e+01 1.450139e+00 4.474956e+00 8.207919e+01 6.987748e+01
 2.538524e+01 3.487372e+01 7.019131e-01 5.095347e+00 8.624074e+01 6.503979e+01
 1.561592e+01 3.762978e+01 7.293001e+00 1.459960e+01 8.548953e+01 5.902984e+01
 7.869711e+00 3.414446e+01 2.671374e+00 9.855588e+00 8.095476e+01 5.595010e+01
 9.967223e+00 3.072142e+01 4.508713e+00 5.969940e+00 7.008811e+01 8.681957e+01
 1.063714e-01 4.148369e+01 1.441544e+00 2.338718e+01 7.383756e+01 1.556395e+02
 1.484798e+01 4.816924e+01 7.207759e+00 2.894920e+01 5.737984e+01 1.678280e+02
 1.090285e+01 3.781376e+01 1.056643e+01 3.380221e+01 6.947966e+01 2.046996e+02
 2.647238e+01 3.855588e+01 3.701989e+00 4.372846e+01 6.579103e+01 3.133500e+02
